nx=200
Nx=10000
Ny=20000
Delta=0.0100000000
k=1.5707963268
w0=1.5707963268
Gamma=0.0785398163
save_psi=0
save_chi=1
