nx=100
Nx=2000
Ny=10000
Delta=0.0100000000
k=3.1415926536
w0=3.1415926536
Gamma=0.1570796327
