nx=200
Nx=4000
Ny=6000
Delta=0.01
k=1.57079632679490
w0=1.57079632679490
gamma=0.0785398163397448
save_psi=1
save_chi=1
init_cond=1
Tstep=19
Nth=4
